v2.0 raw

18c618c6
04cc03fe
7fcc00ce
7ff800ac
2cff7f8e
0e1affff
7ffe0cc2
7ffe4862
19987f98
7ffe0186
fffc03ff
7fff0238
3a781830
1bfe1ede
0ffc0c0c
7fff0332
19ff0982
183018fe
0ffc0c0c
0ffc0c0c
198c1d8e
0d180c18
1b7e13de
14781fff
14701fff
1818181f
359919f9
7f7f7f60
1f8c1fee
189408d8
3d8831fc
0e6d0c6c
1830194e
7fff0032
6f267bfc
7ffe4434
00c21ffe
06fc038f
7c1c007e
04e000fe
10e318e3
7dff40d8
194c33fe
19b319ff
2d3a7ff6
7fff0662
ffdf325a
5e1073ff
41fe7fd2
ff8c0c0c
00c83fff
7fff0662
35eb1bff
1e3e1034
1b0c1bfe
05fc007e
07f000ff
18331cff
01800ff0
0ff004f0
7e320020
7fff0102
053e03fe
04600060
3afc18bf
1fff1821
19ff1032
330c3f3e
7fff0232
06f67ef7
19731bff
7e0c44fe
1cf014f0
04ba00fe
3a5f1c5a
19041bff
04300030
07ff0032
271a7fff
00183ff8
30ff38b2
30e21c60
7fff0ce2
7fff0182
7fff0602
24180018
198319ff
0c080c0c
0d0e0c0c
077e0676
07600380
08320c20
1ffe1064
08301838
197a1878
10302030
7ffc0a68
1a6433fe
7ed805fe
1bff1032
35cc19ff
070b03ff
05ff0132
08660dff
063c7fac
2cba7ff6
18061ffc
2d997dff
6c667fe6
32fd38ff
01c203bc
fefc00cc
0fff0831
28703fff
08c903f1
78fe1cc6
7e324030
1bff18ec
1a001bff
3eff24c2
3f7e1b36
14701fff
7fff0662
318c398e
fefc0068
35fa39e8
feff0042
19ff18f2
7e47427c
18f618f7
05f000fe
1b0013fe
36c837cc
3a0c1cfe
19fe0d64
189b1d19
24227e30
fff60c37
02000380
18fe1064
37303ffc
0ff03ffe
00000000
c7000f00
00000000
00000000
00000000
00000000
00000000
00000000
00000000
00000000
00000000
00000000
00000000
00000000
00000000
00000000
00000000
00000000
79830701
1500f987
1e011500
00000000
00000000
00000000
00000000
00000000
00000000
00000000
00000000
00000000
00000000
00000000
00000000
00000000
00000000
00000000
00000000
00000000
00000000
00000000
00000000
00000000
00000000
00000000
00000000
00000000
00000000
00000000
00000000
00000000
00000000
00000000
00000000
00000000
00000000
00000000
00000000
00000000
00000000
00000000
00000000
00000000
00000000
00000000
00000000
00000000
00000000
00000000
00000000
00000000
00000000
00000000
00000000
00000000
00000000
00000000
00000000
00000000
00000000
00000000
00000000
00000000
00000000
00000000
00000000
00000000
00000000
00000000
00000000
00000000
00000000
00000000
00000000
00000000
00000000
00000000
00000000
00000000
00000000
00000000
00000000
00000000
00000000
00000000
00000000
00000000
00000000
00000000
00000000
00000000
00000000
00000000
00000000
00000000
00000000
00000000
00000000
00000000
00000000
00000000
00000000
00000000
00000000
00000000
00000000
00000000
00000000
00000000
00000000
00000000
00000000
00000000
00000000
00000000
00000000
00000000
00000000
00000000
00000000
00000000
00000000
00000000
00000000
00000000
00000000
00000000
00000000
00000000
00000000
00000000
00000000
00000000
00000000
00000000
00000000
00000000
00000000
00000000
00000000
00000000
00000000
00000000
00000000
00000000
00000000
00000000
00000000
00000000
00000000
00000000
00000000
00000000
00000000
00000000
00000000
00000000
00000000
00000000
00000000
00000000
00000000
00000000
00000000
00000000
00000000
00000000
00000000
00000000
00000000
00000000
00000000
00000000
00000000
00000000
00000000
00000000
00000000
00000000
00000000
00000000
00000000
00000000
00000000
00000000
00000000
00000000
00000000
00000000
00000000
00000000
00000000
00000000
00000000
00000000
00000000
00000000
00000000
00000000
00000000
00000000
00000000
00000000
00000000
00000000
00000000
00000000
00000000
00000000
00000000
00000000
00000000
00000000
00000000
00000000
00000000
00000000
00000000
00000000
00000000
00000000
00000000
00000000
00000000
00000000
00000000
00000000
00000000
00000000
00000000
00000000
00000000
00000000
00000000
00000000
00000000
00000000
00000000
00000000
00000000
00000000
00000000
00000000
00000000
00000000
00000000
00000000
00000000
00000000
00000000
00000000
00000000
00000000
00000000
00000000
00000000
00000000
00000000
00000000
00000000
00000000
00000000
00000000
00000000
00000000
00000000
00000000
00000000
00000000
00000000
00000000
00000000
00000000
00000000
00000000
00000000
00000000
00000000
00000000
00000000
00000000
00000000
00000000
00000000
00000000
00000000
00000000
00000000
00000000
00000000
00000000
00000000
00000000
00000000
00000000
00000000
00000000
00000000
00000000
00000000
00000000
00000000
00000000
00000000
00000000
00000000
00000000
00000000
00000000
00000000
00000000
00000000
00000000
00000000
00000000
00000000
00000000
00000000
00000000
00000000
00000000
00000000
00000000
00000000
00000000
00000000
00000000
00000000
00000000
00000000
00000000
00000000
00000000
00000000
00000000
00000000
00000000
00000000
00000000
00000000
00000000
00000000
00000000
00000000
00000000
00000000
00000000
00000000
00000000
00000000
00000000
00000000
00000000
00000000
00000000
00000000
00000000
00000000
00000000
00000000
00000000
00000000
00000000
00000000
00000000
00000000
00000000
00000000
00000000
00000000
00000000
00000000
00000000
00000000
00000000
00000000
00000000
00000000
00000000
00000000
00000000
00000000
00000000
00000000
00000000
00000000
00000000
00000000
00000000
00000000
00000000
00000000
00000000
00000000
00000000
00000000
00000000
00000000
00000000
00000000
00000000
00000000
00000000
00000000
00000000
00000000
00000000
00000000
00000000
00000000
00000000
00000000
00000000
00000000
00000000
00000000
00000000
00000000
00000000
00000000
00000000
00000000
00000000
00000000
00000000
00000000
00000000
00000000
00000000
00000000
00000000
00000000
00000000
00000000
00000000
00000000
00000000
00000000
00000000
00000000
00000000
00000000
00000000
00000000
00000000
00000000
00000000
00000000
00000000
00000000
00000000
00000000
00000000
00000000
00000000
00000000
00000000
00000000
00000000
00000000
00000000
00000000
00000000
00000000
00000000
00000000
00000000
00000000
00000000
00000000
00000000
00000000
00000000
00000000
00000000
00000000
00000000
00000000
00000000
00000000
00000000
00000000
00000000